20
0 12
0 4 8 5 7 10 3 7 8 5 4 8 8 3 6 5 2 8 6 2
5 0 10 6 9 1 10 3 7 4 9 3 5 3 7 5 9 7 2 4
9 2 0 9 10 5 2 4 7 8 3 1 4 2 8 4 2 6 6 10
4 6 2 0 2 10 4 8 7 9 8 5 2 5 8 10 9 9 1 9
7 9 8 1 0 8 3 1 8 3 3 1 5 10 7 10 9 7 9 8
2 1 7 7 8 0 3 8 6 3 1 3 5 3 1 5 10 7 7 9
10 10 3 7 1 4 0 5 7 7 4 7 3 6 2 10 9 5 6 4
10 7 9 7 1 1 9 0 4 9 3 7 6 8 9 5 1 3 10 8
6 8 9 4 1 1 10 4 0 2 3 1 5 1 8 1 1 2 2 6
7 5 1 1 3 2 5 10 6 0 4 7 8 1 6 8 5 4 2 6
6 1 9 6 3 4 4 3 10 3 0 4 7 4 9 1 8 7 2 8
1 9 9 2 7 10 3 7 10 9 4 0 2 1 5 5 7 9 9 3
3 3 4 8 6 8 1 8 4 1 8 4 0 8 4 3 9 3 9 2
2 2 6 3 9 4 1 4 1 5 4 8 8 0 3 1 1 3 6 7
6 6 6 3 6 8 2 5 1 1 5 3 4 3 0 1 5 6 3 9
5 8 1 5 3 1 4 5 7 1 3 2 9 10 6 0 3 8 8 2
6 7 2 10 2 10 1 8 1 9 6 7 10 7 10 3 0 9 8 10
7 9 4 4 1 8 3 7 2 2 7 6 3 9 10 6 10 0 6 1
4 10 6 6 5 1 8 5 5 7 4 6 4 3 7 8 4 2 0 3
1 8 3 10 7 10 5 10 5 7 9 5 1 10 10 1 2 6 9 0
13 1 16 7 5 3 12 16 19 5 14 5 15 17 14 20 5 12 16 16